Residue pH      pG      pB      pL      pE. Altered to increase pE.
ALA     0.25    0.03    0.11    0.06    0.55
GLU     0.24    0.02    0.12    0.07    0.55
LYS     0.22    0.02    0.12    0.10    0.54
MET     0.22    0.02    0.17    0.06    0.53
GLN     0.23    0.02    0.13    0.07    0.55
ARG     0.19    0.03    0.10    0.08    0.60
LEU     0.22    0.02    0.17    0.06    0.53
PHE     0.16    0.03    0.02    0.06    0.73
TYR     0.13    0.02    0.21    0.09    0.55
TRP     0.14    0.05    0.21    0.07    0.53
CYS     0.14    0.03    0.18    0.08    0.57
HIS     0.20    0.03    0.14    0.07    0.56
ASN     0.15    0.02    0.12    0.14    0.57
ASP     0.18    0.03    0.10    0.13    0.56
SER     0.16    0.02    0.10    0.12    0.60
THR     0.15    0.01    0.20    0.09    0.55
ILE     0.19    0.01    0.23    0.04    0.53
VAL     0.16    0.01    0.23    0.05    0.55
GLY     0.12    0.02    0.10    0.20    0.56
PRO     0.09    0.04    0.07    0.18    0.62
XPR     0.11    0.03    0.11    0.15    0.60
